125 3
11 6 -28
-24 -1 1
8 -1 -14
1 30 -18
24 1 1
6 30 30
-21 8 -20
2 -18 29
-3 -29 -29
-1 15 1
13 -9 6
14 -4 1
1 -21 -30
18 25 1
29 1 4
21 -11 2
1 -1 -24
-29 25 -11
-1 -10 -11
-1 10 -30
1 -10 -1
5 -29 1
-1 3 21
-6 -13 13
-9 -1 -3
21 -1 1
-6 -1 -24
-1 -29 -1
20 -1 -1
-22 -1 29
-21 -1 -15
2 3 -13
-13 28 20
-24 -1 -21
20 1 -14
-1 5 -5
29 28 -5
-29 -4 -5
-1 -18 -4
-1 -11 -4
-1 -2 -6
1 1 29
1 -1 1
3 -10 -1
1 -24 18
25 -11 -10
-14 -13 -15
13 -13 13
-26 -1 26
2 8 -1
28 1 1
-1 -11 9
-1 -28 25
25 1 -1
-1 -21 -10
30 -28 10
-11 -13 28
4 29 -1
-1 -28 1
-24 5 -1
-11 -2 29
-1 1 -1
10 -30 -13
3 -26 25
15 -14 -29
-29 -1 -26
1 3 -1
6 -26 -10
1 -13 -9
-13 -5 26
-1 14 -8
-1 15 -1
4 -10 -1
1 22 -18
14 5 -3
1 5 11
20 -1 -18
-21 18 -15
-2 3 3
22 22 21
1 -1 9
-26 2 -11
-1 -29 11
-9 25 1
3 6 -29
1 -11 6
10 -25 20
21 -15 4
-21 14 -25
1 4 26
-1 -15 -25
-24 -10 6
-3 3 9
-26 25 -1
1 -1 -21
1 -8 -6
-20 -1 -2
29 1 1
2 1 -3
6 -5 30
-1 26 -1
6 -1 3
-22 -5 -26
18 1 28
-15 -21 -1
-10 1 10
14 21 10
-20 1 -5
25 -1 -1
-1 21 1
-14 -1 4
-2 1 2
1 -1 28
-29 1 -5
28 -30 -1
-1 -11 -1
26 -29 30
2 -20 15
28 -28 30
-1 -9 1
-14 -1 4
-2 1 2
14 -1 4
-2 1 2
5 7 8